# Recording, Discriminator loss, Generator loss
1 1.51 1.21
2 0.65 3.13
3 1.03 2.03
4 0.88 2.11
5 1.03 1.72
6 1.13 1.32
7 0.89 2.05
8 1.11 1.49
9 0.99 2.23
10 1.09 1.66
11 0.99 1.86
12 1.33 2.56
13 1.07 1.56
14 1.34 1.70
15 1.11 1.49
16 1.72 2.14
17 1.23 1.94
18 1.10 1.64
19 1.16 1.71
20 1.10 1.33
21 1.07 1.94
22 1.16 1.32
23 1.13 1.63
24 0.99 1.67
25 1.04 1.47
26 1.10 1.16
27 1.05 1.74
28 1.10 1.57
29 1.05 1.29
30 1.13 1.48
31 1.11 1.40
32 1.24 1.13
33 1.15 0.76
34 1.41 2.33
35 1.19 1.18
36 1.19 1.51
37 1.08 2.08
38 1.13 1.37
39 1.28 1.08
40 1.21 1.37
41 1.40 1.21
42 1.08 1.39
43 1.11 1.18
44 1.33 1.70
45 0.98 1.52
46 1.11 1.37
47 1.37 0.98
48 1.13 1.33
49 1.21 1.98
50 1.11 1.03
51 1.03 1.18
52 1.27 1.84
53 1.08 1.81
54 1.12 1.52
55 0.98 1.57
56 1.05 1.49
57 1.10 1.32
58 1.13 1.26
59 1.24 1.08
60 1.14 1.31
61 1.19 1.13
62 1.16 1.37
63 1.18 1.07
64 1.14 1.20
65 0.94 1.43
66 1.29 0.82
67 1.09 1.16
68 1.21 1.47
69 1.29 1.54
70 1.11 1.71
71 0.97 1.49
72 1.03 2.13
73 0.95 1.59
74 1.07 1.71
75 1.06 0.81
76 1.02 1.06
77 1.21 1.13
78 1.16 1.44
79 1.32 1.98
80 0.95 1.38
81 1.25 1.66
82 1.07 1.19
83 0.95 1.50
84 1.21 1.25
85 1.57 0.86
86 1.22 1.50
87 1.18 1.56
88 1.20 1.22
89 1.14 1.31
90 1.23 1.29
91 1.40 1.87
92 1.03 1.08
93 1.11 1.10
94 1.06 1.51
95 1.33 1.98
96 0.99 1.51
97 1.08 1.13
98 1.40 1.65
99 1.18 1.73
100 1.24 1.33
101 1.13 1.33
102 1.02 1.44
103 1.39 1.42
104 0.99 0.96
105 1.04 1.12
106 1.17 1.49
107 1.21 1.33
108 1.12 1.11
109 1.15 1.06
110 1.11 1.12
111 1.05 0.94
112 1.21 1.23
113 1.13 1.67
114 1.02 1.05
115 1.16 1.46
116 1.13 1.34
117 1.00 1.59
118 1.01 1.73
119 1.22 1.19
120 0.92 1.26
121 1.12 1.66
122 1.22 1.40
123 1.01 1.65
124 1.03 1.63
125 1.18 1.39
126 0.95 1.37
127 0.85 1.55
128 1.23 2.10
129 0.92 1.04
130 1.01 1.33
131 1.09 1.16
132 1.15 1.28
133 1.26 1.54
134 1.27 2.24
135 0.83 1.87
136 0.88 1.28
137 0.95 1.19
138 0.89 1.76
139 0.89 2.08
140 1.02 1.58
141 1.21 1.90
142 1.18 1.52
143 1.26 1.84
144 0.98 0.81
145 1.14 1.54
146 1.13 1.39
147 0.93 1.07
148 0.95 1.12
149 1.12 1.03
150 0.87 1.51
151 1.38 2.00
152 0.97 1.53
153 0.92 1.73
154 0.84 1.66
155 0.99 1.77
156 0.97 1.98
157 0.84 1.35
158 1.09 1.98
159 0.85 2.06
160 1.09 1.24
161 1.25 1.17
162 1.04 2.06
163 0.84 1.68
164 0.94 1.21
165 0.91 1.34
166 1.28 2.32
167 0.92 1.80
168 1.02 1.11
169 0.75 2.18
170 1.06 1.15
171 0.72 1.94
172 0.96 1.79
173 0.99 1.72
174 0.86 2.01
175 1.00 1.76
176 0.94 2.40
177 0.85 2.08
178 1.01 1.07
179 1.34 3.56
180 1.03 2.00
181 0.91 1.60
182 0.97 1.37
183 0.95 1.63
184 0.63 2.44
185 0.82 1.26
186 0.90 1.65
187 0.82 2.02
188 1.49 2.23
189 0.67 1.31
190 0.73 1.72
191 1.06 1.92
192 0.79 1.40
193 0.99 1.39
194 1.07 2.29
195 0.72 1.59
196 0.88 1.17
197 0.96 2.08
198 1.10 1.58
199 0.79 1.62
200 0.72 1.83
201 0.57 1.98
202 1.40 1.24
203 0.88 1.76
204 0.87 1.52
205 0.65 2.09
206 1.13 2.20
207 0.77 1.92
208 0.63 1.76
209 0.72 1.34
210 0.99 2.85
211 1.08 1.31
212 0.68 2.90
213 0.72 1.82
214 0.93 1.32
215 0.60 2.70
216 0.75 1.10
217 0.89 2.17
218 0.82 1.64
219 0.75 1.52
220 0.98 2.46
221 0.74 1.72
222 1.59 3.16
223 0.89 1.20
224 0.93 2.29
225 0.68 2.01
226 1.15 3.13
227 0.84 2.51
228 0.77 1.69
229 0.76 1.67
230 0.75 2.12
231 0.84 1.92
232 0.73 1.76
233 1.12 1.42
234 0.88 2.83
235 0.57 2.10
236 0.78 1.29
237 0.56 2.55
238 0.68 2.40
239 0.69 1.67
240 0.79 2.91
241 0.69 3.34
242 0.93 1.69
243 0.68 1.93
244 0.65 2.34
245 0.62 2.14
246 0.70 1.97
247 1.64 1.50
248 0.69 2.27
249 0.76 2.31
250 0.86 2.24
251 0.75 1.77
252 0.65 1.41
253 0.52 1.48
254 0.99 2.34
255 0.87 3.37
256 0.75 1.57
257 1.20 0.92
258 0.65 2.87
259 0.71 1.25
260 0.61 2.40
261 0.70 2.99
262 0.74 2.32
263 0.63 1.89
264 0.72 2.28
265 0.74 2.95
266 0.63 3.27
267 0.65 2.27
268 0.69 2.45
269 1.06 1.58
270 0.83 3.90
271 1.86 4.78
272 0.83 1.88
273 0.95 3.23
274 0.62 2.43
275 0.64 2.59
276 0.79 2.27
277 0.74 1.92
278 0.65 1.93
279 0.77 1.93
280 0.72 2.83
281 0.82 2.94
282 0.82 1.41
283 0.55 2.80
284 0.63 2.86
285 0.58 2.89
286 0.92 4.15
287 0.49 3.24
288 0.53 3.41
289 0.76 3.14
290 0.69 2.18
291 0.60 2.56
292 0.62 2.83
293 0.52 2.64
294 0.84 2.83
295 0.54 3.05
296 0.70 1.73
297 0.48 3.32
298 0.80 3.22
299 0.69 2.15
300 0.62 3.64
301 1.42 3.85
302 0.63 2.35
303 0.61 2.68
304 0.50 2.81
305 0.59 2.37
306 1.10 3.48
307 0.54 2.95
308 0.64 2.30
309 0.67 2.57
310 0.66 2.38
311 0.65 1.99
312 0.63 3.10
313 0.65 1.95
314 0.57 2.47
315 0.53 4.16
316 1.13 3.00
317 0.57 3.70
318 0.67 3.11
319 0.49 2.31
320 0.49 2.84
321 0.51 2.85
322 0.78 1.96
323 0.52 3.26
324 0.52 2.48
325 0.68 2.26
326 0.46 1.54
327 0.54 2.08
328 0.60 3.21
329 0.50 2.96
330 0.53 2.45
331 0.77 2.65
332 0.49 2.86
333 0.45 3.20
334 0.58 2.89
335 0.69 2.50
336 0.51 2.61
337 0.90 1.64
338 0.47 2.54
339 0.43 3.81
340 0.62 2.36
341 0.76 1.45
342 0.58 2.54
343 0.52 2.17
344 0.54 1.97
345 0.51 3.22
346 0.94 3.34
347 0.76 2.85
348 0.53 2.91
349 0.77 1.81
350 0.43 3.60
351 0.67 3.77
352 0.56 1.87
353 0.42 3.93
354 0.57 3.27
355 0.59 2.18
356 0.53 3.56
357 0.47 2.83
358 0.57 1.73
359 0.54 2.74
360 0.48 3.00
361 0.53 2.83
362 0.45 3.44
363 0.55 3.37
364 0.62 2.02
365 0.79 3.55
366 0.47 2.75
367 0.84 3.52
368 0.69 2.03
369 0.80 1.71
370 0.63 0.97
371 0.57 2.62
372 0.49 2.85
373 0.87 1.74
374 0.49 4.17
375 0.52 3.28
376 0.67 2.69
377 0.45 3.08
378 0.59 3.32
379 0.52 3.03
380 0.49 2.30
381 0.52 2.85
382 0.58 3.91
383 0.49 3.17
384 0.62 4.16
385 0.54 2.42
386 1.09 3.43
387 0.52 3.20
388 0.69 1.42
389 0.63 2.52
390 0.85 3.26
391 0.44 3.62
392 0.44 4.02
393 0.62 2.05
394 0.85 4.06
395 0.47 2.58
396 0.98 1.56
397 0.61 2.48
398 0.55 3.45
399 0.84 1.65
400 0.51 3.54
401 0.59 3.84
402 0.49 1.63
403 0.50 2.43
404 0.80 2.06
405 0.72 3.96
406 0.60 2.73
407 0.53 2.06
408 0.67 1.69
409 0.43 3.71
410 0.45 4.12
411 0.53 3.45
412 0.50 2.80
413 0.67 2.05
414 0.59 2.08
415 0.46 3.52
416 0.53 2.70
417 0.49 2.97
418 0.41 3.87
419 0.50 2.74
420 0.46 3.32
421 0.56 3.01
422 0.46 2.73
423 0.45 2.13
424 0.55 2.36
425 0.43 3.43
426 0.53 2.97
427 0.54 2.71
428 0.52 1.60
429 0.56 3.31
430 0.52 3.70
431 0.79 4.25
432 0.48 3.06
433 0.80 1.21
434 0.58 2.39
435 0.83 3.59
436 0.59 3.05
437 0.43 4.06
438 0.45 2.91
439 0.58 2.57
440 0.49 3.14
441 0.50 2.73
442 1.20 2.52
443 0.55 2.74
444 0.55 2.36
445 0.58 2.80
446 0.53 1.95
447 0.63 1.90
448 0.49 2.36
449 0.56 2.87
450 0.75 2.87
451 0.61 4.46
452 0.61 3.29
453 0.65 2.14
454 0.49 3.18
455 0.46 3.34
456 0.74 2.21
457 0.43 4.38
458 0.46 2.36
459 0.44 3.32
460 0.46 2.09
461 0.56 2.17
462 0.59 1.46
463 0.56 3.00
464 0.64 2.29
465 0.52 2.09
466 0.48 2.71
467 0.60 1.54
468 0.79 4.42
469 0.45 2.59
470 0.52 3.29
471 0.47 4.82
472 0.49 3.11
473 0.44 3.55
474 0.49 2.42
475 0.49 3.32
476 0.42 2.89
477 0.70 2.92
478 0.52 2.08
479 0.46 3.60
480 0.76 2.61
481 2.00 3.11
482 0.43 3.32
483 0.43 3.07
484 0.62 2.87
485 0.56 4.63
486 0.45 3.97
487 0.45 3.26
488 0.53 2.14
489 0.50 4.14
490 0.50 3.10
491 0.55 3.63
492 0.43 3.32
493 0.45 2.94
494 0.54 2.59
495 0.45 2.83
496 0.65 3.27
497 0.43 2.91
498 0.47 2.44
499 0.45 2.90
500 1.05 4.37
501 0.54 3.59
502 0.45 3.02
503 0.49 3.25
504 0.66 1.69
505 0.47 3.71
506 0.56 2.14
507 0.53 2.46
508 0.55 3.01
509 0.48 3.08
510 0.43 3.30
511 0.75 2.19
512 0.42 3.71
513 0.97 2.05
514 0.59 3.58
515 0.50 3.32
516 0.41 2.55
517 0.46 4.07
518 0.48 2.34
519 0.54 1.83
520 0.53 3.38
521 0.47 2.21
522 0.57 2.30
523 0.41 3.32
524 0.80 2.29
525 0.54 2.60
526 0.50 3.47
527 0.60 3.21
528 0.55 3.63
529 0.58 2.18
530 0.53 3.44
531 0.41 4.49
532 0.48 3.40
533 0.44 2.70
534 2.18 2.14
535 0.46 2.82
536 0.56 2.05
537 0.52 4.15
538 0.48 3.15
539 0.39 3.60
540 0.47 3.07
541 0.51 2.57
542 0.46 2.99
543 0.41 5.44
544 0.63 1.99
545 0.54 3.59
546 0.77 1.51
547 0.45 5.07
548 0.52 3.47
549 0.64 3.00
550 0.52 2.09
551 0.54 2.58
552 0.42 4.63
553 0.62 2.79
554 0.64 3.54
555 0.48 4.26
556 0.42 2.43
557 0.47 3.18
558 0.49 2.58
559 0.50 3.52
560 0.46 3.39
561 0.65 3.18
562 0.53 2.62
563 0.46 1.84
564 0.47 3.58
565 0.45 3.21
566 0.54 2.87
567 0.44 3.04
568 0.43 3.69
569 0.40 4.06
570 0.44 2.93
571 0.82 4.06
572 0.44 2.69
573 0.47 3.48
574 0.40 4.15
575 0.46 3.51
576 0.46 2.62
577 0.55 1.77
578 0.56 3.17
579 0.40 3.28
580 0.45 2.61
581 0.45 3.55
582 1.15 3.95
583 0.52 3.18
584 0.74 2.28
585 0.41 4.00
586 0.66 3.76
587 0.50 3.00
588 0.49 2.72
589 0.47 3.76
590 0.45 4.19
591 0.51 3.16
592 0.77 2.02
593 0.48 2.45
594 0.58 3.66
595 0.76 3.43
596 0.44 2.12
597 1.05 2.20
598 0.58 3.30
599 0.80 2.80
600 0.48 3.83
